1 0 101 fear 30.112000 0.00 2000.0 00000000 00000000 1 [    ]
2 0 100 fear 32.112000 0.00 2000.0 00000000 00000000 1 [    ]
3 0 100 fear 34.112000 0.00 2000.0 00000000 00000000 1 [    ]
4 0 100 fear 36.112000 0.00 2000.0 00000000 00000000 1 [    ]
5 0 100 fear 38.112000 0.00 2000.0 00000000 00000000 1 [    ]
6 0 100 fear 40.112000 0.00 2000.0 00000000 00000000 1 [    ]
7 0 100 fear 42.112000 0.00 2000.0 00000000 00000000 1 [    ]
8 0 100 fear 44.112000 0.00 2000.0 00000000 00000000 1 [    ]
9 0 100 fear 46.112000 0.00 2000.0 00000000 00000000 1 [    ]
10 0 100 fear 48.112000 0.00 2000.0 00000000 00000000 1 [    ]
11 0 100 fear 50.112000 0.00 2000.0 00000000 00000000 1 [    ]
12 0 100 fear 52.112000 0.00 2000.0 00000000 00000000 1 [    ]
13 0 100 fear 54.112000 0.00 2000.0 00000000 00000000 1 [    ]
14 0 100 fear 56.112000 0.00 2000.0 00000000 00000000 1 [    ]
15 0 100 fear 58.112000 0.00 2000.0 00000000 00000000 1 [    ]
16 0 100 fear 60.112000 0.00 2000.0 00000000 00000000 1 [    ]
17 0 100 fear 62.112000 0.00 2000.0 00000000 00000000 1 [    ]
18 0 100 fear 64.112000 0.00 2000.0 00000000 00000000 1 [    ]
19 0 100 fear 66.112000 0.00 2000.0 00000000 00000000 1 [    ]
20 0 100 fear 68.112000 0.00 2000.0 00000000 00000000 1 [    ]
21 0 100 fear 70.112000 0.00 2000.0 00000000 00000000 1 [    ]
22 0 100 fear 72.112000 0.00 2000.0 00000000 00000000 1 [    ]
23 0 100 fear 74.112000 0.00 2000.0 00000000 00000000 1 [    ]
24 0 100 fear 76.112000 0.00 2000.0 00000000 00000000 1 [    ]
25 0 100 fear 78.112000 0.00 2000.0 00000000 00000000 1 [    ]
26 0 100 fear 80.112000 0.00 2000.0 00000000 00000000 1 [    ]
27 0 100 fear 82.112000 0.00 2000.0 00000000 00000000 1 [    ]
28 0 100 fear 84.112000 0.00 2000.0 00000000 00000000 1 [    ]
29 0 100 fear 86.112000 0.00 2000.0 00000000 00000000 1 [    ]
30 0 100 fear 88.112000 0.00 2000.0 00000000 00000000 1 [    ]
31 0 100 fear 90.112000 0.00 2000.0 00000000 00000000 1 [    ]
32 0 100 fear 92.112000 0.00 2000.0 00000000 00000000 1 [    ]
33 0 100 fear 94.112000 0.00 2000.0 00000000 00000000 1 [    ]
34 0 100 fear 96.112000 0.00 2000.0 00000000 00000000 1 [    ]
35 0 100 fear 98.112000 0.00 2000.0 00000000 00000000 1 [    ]
36 0 100 fear 100.112000 0.00 2000.0 00000000 00000000 1 [    ]
37 0 100 fear 102.112000 0.00 2000.0 00000000 00000000 1 [    ]
38 0 100 fear 104.112000 0.00 2000.0 00000000 00000000 1 [    ]
39 0 100 fear 106.112000 0.00 2000.0 00000000 00000000 1 [    ]
40 0 100 fear 108.112000 0.00 2000.0 00000000 00000000 1 [    ]
41 0 100 fear 110.112000 0.00 2000.0 00000000 00000000 1 [    ]
42 0 100 fear 112.112000 0.00 2000.0 00000000 00000000 1 [    ]
43 0 100 fear 114.112000 0.00 2000.0 00000000 00000000 1 [    ]
44 0 100 fear 116.112000 0.00 2000.0 00000000 00000000 1 [    ]
45 0 100 fear 118.112000 0.00 2000.0 00000000 00000000 1 [    ]
46 0 100 fear 120.112000 0.00 2000.0 00000000 00000000 1 [    ]
47 0 100 fear 122.112000 0.00 2000.0 00000000 00000000 1 [    ]
48 0 100 fear 124.112000 0.00 2000.0 00000000 00000000 1 [    ]
49 0 100 fear 126.112000 0.00 2000.0 00000000 00000000 1 [    ]
50 0 100 fear 128.112000 0.00 2000.0 00000000 00000000 1 [    ]
51 0 100 fear 130.112000 0.00 2000.0 00000000 00000000 1 [    ]
52 0 100 fear 132.112000 0.00 2000.0 00000000 00000000 1 [    ]
53 0 100 fear 134.112000 0.00 2000.0 00000000 00000000 1 [    ]
54 0 100 fear 136.112000 0.00 2000.0 00000000 00000000 1 [    ]
55 0 100 fear 138.112000 0.00 2000.0 00000000 00000000 1 [    ]
56 0 100 fear 140.112000 0.00 2000.0 00000000 00000000 1 [    ]
57 0 100 fear 142.112000 0.00 2000.0 00000000 00000000 1 [    ]
58 0 100 fear 144.112000 0.00 2000.0 00000000 00000000 1 [    ]
59 0 100 fear 146.112000 0.00 2000.0 00000000 00000000 1 [    ]
60 0 100 fear 148.112000 0.00 2000.0 00000000 00000000 1 [    ]
61 0 100 fear 150.112000 0.00 2000.0 00000000 00000000 1 [    ]
62 0 100 fear 152.112000 0.00 2000.0 00000000 00000000 1 [    ]
63 0 100 fear 154.112000 0.00 2000.0 00000000 00000000 1 [    ]
64 0 100 fear 156.112000 0.00 2000.0 00000000 00000000 1 [    ]
65 0 100 fear 158.112000 0.00 2000.0 00000000 00000000 1 [    ]
66 0 100 fear 160.112000 0.00 2000.0 00000000 00000000 1 [    ]
67 0 100 fear 162.112000 0.00 2000.0 00000000 00000000 1 [    ]
68 0 100 fear 164.112000 0.00 2000.0 00000000 00000000 1 [    ]
69 0 100 fear 166.112000 0.00 2000.0 00000000 00000000 1 [    ]
70 0 100 fear 168.112000 0.00 2000.0 00000000 00000000 1 [    ]
71 0 100 fear 170.112000 0.00 2000.0 00000000 00000000 1 [    ]
72 0 100 fear 172.112000 0.00 2000.0 00000000 00000000 1 [    ]
73 0 100 fear 174.112000 0.00 2000.0 00000000 00000000 1 [    ]
74 0 100 fear 176.112000 0.00 2000.0 00000000 00000000 1 [    ]
75 0 100 fear 178.112000 0.00 2000.0 00000000 00000000 1 [    ]
76 0 100 fear 180.112000 0.00 2000.0 00000000 00000000 1 [    ]
77 0 100 fear 182.112000 0.00 2000.0 00000000 00000000 1 [    ]
78 0 100 fear 184.112000 0.00 2000.0 00000000 00000000 1 [    ]
79 0 100 fear 186.112000 0.00 2000.0 00000000 00000000 1 [    ]
80 0 100 fear 188.112000 0.00 2000.0 00000000 00000000 1 [    ]
81 0 100 fear 190.112000 0.00 2000.0 00000000 00000000 1 [    ]
82 0 100 fear 192.112000 0.00 2000.0 00000000 00000000 1 [    ]
83 0 100 fear 194.112000 0.00 2000.0 00000000 00000000 1 [    ]
84 0 100 fear 196.112000 0.00 2000.0 00000000 00000000 1 [    ]
85 0 100 fear 198.112000 0.00 2000.0 00000000 00000000 1 [    ]
86 0 100 fear 200.112000 0.00 2000.0 00000000 00000000 1 [    ]
87 0 100 fear 202.112000 0.00 2000.0 00000000 00000000 1 [    ]
88 0 100 fear 204.112000 0.00 2000.0 00000000 00000000 1 [    ]
89 0 100 fear 206.112000 0.00 2000.0 00000000 00000000 1 [    ]
90 0 100 fear 208.112000 0.00 2000.0 00000000 00000000 1 [    ]
1 0 201 neutral 379.700000 0.00 2000.0 00000000 00000000 1 [    ]
2 0 200 neutral 381.700000 0.00 2000.0 00000000 00000000 1 [    ]
3 0 200 neutral 383.700000 0.00 2000.0 00000000 00000000 1 [    ]
4 0 200 neutral 385.700000 0.00 2000.0 00000000 00000000 1 [    ]
5 0 200 neutral 387.700000 0.00 2000.0 00000000 00000000 1 [    ]
6 0 200 neutral 389.700000 0.00 2000.0 00000000 00000000 1 [    ]
7 0 200 neutral 391.700000 0.00 2000.0 00000000 00000000 1 [    ]
8 0 200 neutral 393.700000 0.00 2000.0 00000000 00000000 1 [    ]
9 0 200 neutral 395.700000 0.00 2000.0 00000000 00000000 1 [    ]
10 0 200 neutral 397.700000 0.00 2000.0 00000000 00000000 1 [    ]
11 0 200 neutral 399.700000 0.00 2000.0 00000000 00000000 1 [    ]
12 0 200 neutral 401.700000 0.00 2000.0 00000000 00000000 1 [    ]
13 0 200 neutral 403.700000 0.00 2000.0 00000000 00000000 1 [    ]
14 0 200 neutral 405.700000 0.00 2000.0 00000000 00000000 1 [    ]
15 0 200 neutral 407.700000 0.00 2000.0 00000000 00000000 1 [    ]
16 0 200 neutral 409.700000 0.00 2000.0 00000000 00000000 1 [    ]
17 0 200 neutral 411.700000 0.00 2000.0 00000000 00000000 1 [    ]
18 0 200 neutral 413.700000 0.00 2000.0 00000000 00000000 1 [    ]
19 0 200 neutral 415.700000 0.00 2000.0 00000000 00000000 1 [    ]
20 0 200 neutral 417.700000 0.00 2000.0 00000000 00000000 1 [    ]
21 0 200 neutral 419.700000 0.00 2000.0 00000000 00000000 1 [    ]
22 0 200 neutral 421.700000 0.00 2000.0 00000000 00000000 1 [    ]
23 0 200 neutral 423.700000 0.00 2000.0 00000000 00000000 1 [    ]
24 0 200 neutral 425.700000 0.00 2000.0 00000000 00000000 1 [    ]
25 0 200 neutral 427.700000 0.00 2000.0 00000000 00000000 1 [    ]
26 0 200 neutral 429.700000 0.00 2000.0 00000000 00000000 1 [    ]
27 0 200 neutral 431.700000 0.00 2000.0 00000000 00000000 1 [    ]
28 0 200 neutral 433.700000 0.00 2000.0 00000000 00000000 1 [    ]
29 0 200 neutral 435.700000 0.00 2000.0 00000000 00000000 1 [    ]
30 0 200 neutral 437.700000 0.00 2000.0 00000000 00000000 1 [    ]
31 0 200 neutral 439.700000 0.00 2000.0 00000000 00000000 1 [    ]
32 0 200 neutral 441.700000 0.00 2000.0 00000000 00000000 1 [    ]
33 0 200 neutral 443.700000 0.00 2000.0 00000000 00000000 1 [    ]
34 0 200 neutral 445.700000 0.00 2000.0 00000000 00000000 1 [    ]
35 0 200 neutral 447.700000 0.00 2000.0 00000000 00000000 1 [    ]
36 0 200 neutral 449.700000 0.00 2000.0 00000000 00000000 1 [    ]
37 0 200 neutral 451.700000 0.00 2000.0 00000000 00000000 1 [    ]
38 0 200 neutral 453.700000 0.00 2000.0 00000000 00000000 1 [    ]
39 0 200 neutral 455.700000 0.00 2000.0 00000000 00000000 1 [    ]
40 0 200 neutral 457.700000 0.00 2000.0 00000000 00000000 1 [    ]
41 0 200 neutral 459.700000 0.00 2000.0 00000000 00000000 1 [    ]
42 0 200 neutral 461.700000 0.00 2000.0 00000000 00000000 1 [    ]
43 0 200 neutral 463.700000 0.00 2000.0 00000000 00000000 1 [    ]
44 0 200 neutral 465.700000 0.00 2000.0 00000000 00000000 1 [    ]
45 0 200 neutral 467.700000 0.00 2000.0 00000000 00000000 1 [    ]
46 0 200 neutral 469.700000 0.00 2000.0 00000000 00000000 1 [    ]
47 0 200 neutral 471.700000 0.00 2000.0 00000000 00000000 1 [    ]
48 0 200 neutral 473.700000 0.00 2000.0 00000000 00000000 1 [    ]
49 0 200 neutral 475.700000 0.00 2000.0 00000000 00000000 1 [    ]
50 0 200 neutral 477.700000 0.00 2000.0 00000000 00000000 1 [    ]
51 0 200 neutral 479.700000 0.00 2000.0 00000000 00000000 1 [    ]
52 0 200 neutral 481.700000 0.00 2000.0 00000000 00000000 1 [    ]
53 0 200 neutral 483.700000 0.00 2000.0 00000000 00000000 1 [    ]
54 0 200 neutral 485.700000 0.00 2000.0 00000000 00000000 1 [    ]
55 0 200 neutral 487.700000 0.00 2000.0 00000000 00000000 1 [    ]
56 0 200 neutral 489.700000 0.00 2000.0 00000000 00000000 1 [    ]
57 0 200 neutral 491.700000 0.00 2000.0 00000000 00000000 1 [    ]
58 0 200 neutral 493.700000 0.00 2000.0 00000000 00000000 1 [    ]
59 0 200 neutral 495.700000 0.00 2000.0 00000000 00000000 1 [    ]
60 0 200 neutral 497.700000 0.00 2000.0 00000000 00000000 1 [    ]
61 0 200 neutral 499.700000 0.00 2000.0 00000000 00000000 1 [    ]
62 0 200 neutral 501.700000 0.00 2000.0 00000000 00000000 1 [    ]
63 0 200 neutral 503.700000 0.00 2000.0 00000000 00000000 1 [    ]
64 0 200 neutral 505.700000 0.00 2000.0 00000000 00000000 1 [    ]
65 0 200 neutral 507.700000 0.00 2000.0 00000000 00000000 1 [    ]
66 0 200 neutral 509.700000 0.00 2000.0 00000000 00000000 1 [    ]
67 0 200 neutral 511.700000 0.00 2000.0 00000000 00000000 1 [    ]
68 0 200 neutral 513.700000 0.00 2000.0 00000000 00000000 1 [    ]
69 0 200 neutral 515.700000 0.00 2000.0 00000000 00000000 1 [    ]
70 0 200 neutral 517.700000 0.00 2000.0 00000000 00000000 1 [    ]
71 0 200 neutral 519.700000 0.00 2000.0 00000000 00000000 1 [    ]
72 0 200 neutral 521.700000 0.00 2000.0 00000000 00000000 1 [    ]
73 0 200 neutral 523.700000 0.00 2000.0 00000000 00000000 1 [    ]
74 0 200 neutral 525.700000 0.00 2000.0 00000000 00000000 1 [    ]
75 0 200 neutral 527.700000 0.00 2000.0 00000000 00000000 1 [    ]
76 0 200 neutral 529.700000 0.00 2000.0 00000000 00000000 1 [    ]
77 0 200 neutral 531.700000 0.00 2000.0 00000000 00000000 1 [    ]
78 0 200 neutral 533.700000 0.00 2000.0 00000000 00000000 1 [    ]
79 0 200 neutral 535.700000 0.00 2000.0 00000000 00000000 1 [    ]
80 0 200 neutral 537.700000 0.00 2000.0 00000000 00000000 1 [    ]
81 0 200 neutral 539.700000 0.00 2000.0 00000000 00000000 1 [    ]
82 0 200 neutral 541.700000 0.00 2000.0 00000000 00000000 1 [    ]
83 0 200 neutral 543.700000 0.00 2000.0 00000000 00000000 1 [    ]
84 0 200 neutral 545.700000 0.00 2000.0 00000000 00000000 1 [    ]
85 0 200 neutral 547.700000 0.00 2000.0 00000000 00000000 1 [    ]
86 0 200 neutral 549.700000 0.00 2000.0 00000000 00000000 1 [    ]
87 0 200 neutral 551.700000 0.00 2000.0 00000000 00000000 1 [    ]
88 0 200 neutral 553.700000 0.00 2000.0 00000000 00000000 1 [    ]
89 0 200 neutral 555.700000 0.00 2000.0 00000000 00000000 1 [    ]
90 0 200 neutral 557.700000 0.00 2000.0 00000000 00000000 1 [    ]
1 0 301 happy 653.474000 0.00 2000.0 00000000 00000000 1 [    ]
2 0 300 happy 655.474000 0.00 2000.0 00000000 00000000 1 [    ]
3 0 300 happy 657.474000 0.00 2000.0 00000000 00000000 1 [    ]
4 0 300 happy 659.474000 0.00 2000.0 00000000 00000000 1 [    ]
5 0 300 happy 661.474000 0.00 2000.0 00000000 00000000 1 [    ]
6 0 300 happy 663.474000 0.00 2000.0 00000000 00000000 1 [    ]
7 0 300 happy 665.474000 0.00 2000.0 00000000 00000000 1 [    ]
8 0 300 happy 667.474000 0.00 2000.0 00000000 00000000 1 [    ]
9 0 300 happy 669.474000 0.00 2000.0 00000000 00000000 1 [    ]
10 0 300 happy 671.474000 0.00 2000.0 00000000 00000000 1 [    ]
11 0 300 happy 673.474000 0.00 2000.0 00000000 00000000 1 [    ]
12 0 300 happy 675.474000 0.00 2000.0 00000000 00000000 1 [    ]
13 0 300 happy 677.474000 0.00 2000.0 00000000 00000000 1 [    ]
14 0 300 happy 679.474000 0.00 2000.0 00000000 00000000 1 [    ]
15 0 300 happy 681.474000 0.00 2000.0 00000000 00000000 1 [    ]
16 0 300 happy 683.474000 0.00 2000.0 00000000 00000000 1 [    ]
17 0 300 happy 685.474000 0.00 2000.0 00000000 00000000 1 [    ]
18 0 300 happy 687.474000 0.00 2000.0 00000000 00000000 1 [    ]
19 0 300 happy 689.474000 0.00 2000.0 00000000 00000000 1 [    ]
20 0 300 happy 691.474000 0.00 2000.0 00000000 00000000 1 [    ]
21 0 300 happy 693.474000 0.00 2000.0 00000000 00000000 1 [    ]
22 0 300 happy 695.474000 0.00 2000.0 00000000 00000000 1 [    ]
23 0 300 happy 697.474000 0.00 2000.0 00000000 00000000 1 [    ]
24 0 300 happy 699.474000 0.00 2000.0 00000000 00000000 1 [    ]
25 0 300 happy 701.474000 0.00 2000.0 00000000 00000000 1 [    ]
26 0 300 happy 703.474000 0.00 2000.0 00000000 00000000 1 [    ]
27 0 300 happy 705.474000 0.00 2000.0 00000000 00000000 1 [    ]
28 0 300 happy 707.474000 0.00 2000.0 00000000 00000000 1 [    ]
29 0 300 happy 709.474000 0.00 2000.0 00000000 00000000 1 [    ]
30 0 300 happy 711.474000 0.00 2000.0 00000000 00000000 1 [    ]
31 0 300 happy 713.474000 0.00 2000.0 00000000 00000000 1 [    ]
32 0 300 happy 715.474000 0.00 2000.0 00000000 00000000 1 [    ]
33 0 300 happy 717.474000 0.00 2000.0 00000000 00000000 1 [    ]
34 0 300 happy 719.474000 0.00 2000.0 00000000 00000000 1 [    ]
35 0 300 happy 721.474000 0.00 2000.0 00000000 00000000 1 [    ]
36 0 300 happy 723.474000 0.00 2000.0 00000000 00000000 1 [    ]
37 0 300 happy 725.474000 0.00 2000.0 00000000 00000000 1 [    ]
38 0 300 happy 727.474000 0.00 2000.0 00000000 00000000 1 [    ]
39 0 300 happy 729.474000 0.00 2000.0 00000000 00000000 1 [    ]
40 0 300 happy 731.474000 0.00 2000.0 00000000 00000000 1 [    ]
41 0 300 happy 733.474000 0.00 2000.0 00000000 00000000 1 [    ]
42 0 300 happy 735.474000 0.00 2000.0 00000000 00000000 1 [    ]
43 0 300 happy 737.474000 0.00 2000.0 00000000 00000000 1 [    ]
44 0 300 happy 739.474000 0.00 2000.0 00000000 00000000 1 [    ]
45 0 300 happy 741.474000 0.00 2000.0 00000000 00000000 1 [    ]
46 0 300 happy 743.474000 0.00 2000.0 00000000 00000000 1 [    ]
47 0 300 happy 745.474000 0.00 2000.0 00000000 00000000 1 [    ]
48 0 300 happy 747.474000 0.00 2000.0 00000000 00000000 1 [    ]
49 0 300 happy 749.474000 0.00 2000.0 00000000 00000000 1 [    ]
50 0 300 happy 751.474000 0.00 2000.0 00000000 00000000 1 [    ]
51 0 300 happy 753.474000 0.00 2000.0 00000000 00000000 1 [    ]
52 0 300 happy 755.474000 0.00 2000.0 00000000 00000000 1 [    ]
53 0 300 happy 757.474000 0.00 2000.0 00000000 00000000 1 [    ]
54 0 300 happy 759.474000 0.00 2000.0 00000000 00000000 1 [    ]
55 0 300 happy 761.474000 0.00 2000.0 00000000 00000000 1 [    ]
56 0 300 happy 763.474000 0.00 2000.0 00000000 00000000 1 [    ]
57 0 300 happy 765.474000 0.00 2000.0 00000000 00000000 1 [    ]
58 0 300 happy 767.474000 0.00 2000.0 00000000 00000000 1 [    ]
59 0 300 happy 769.474000 0.00 2000.0 00000000 00000000 1 [    ]
60 0 300 happy 771.474000 0.00 2000.0 00000000 00000000 1 [    ]
61 0 300 happy 773.474000 0.00 2000.0 00000000 00000000 1 [    ]
62 0 300 happy 775.474000 0.00 2000.0 00000000 00000000 1 [    ]
63 0 300 happy 777.474000 0.00 2000.0 00000000 00000000 1 [    ]
64 0 300 happy 779.474000 0.00 2000.0 00000000 00000000 1 [    ]
65 0 300 happy 781.474000 0.00 2000.0 00000000 00000000 1 [    ]
66 0 300 happy 783.474000 0.00 2000.0 00000000 00000000 1 [    ]
67 0 300 happy 785.474000 0.00 2000.0 00000000 00000000 1 [    ]
68 0 300 happy 787.474000 0.00 2000.0 00000000 00000000 1 [    ]
69 0 300 happy 789.474000 0.00 2000.0 00000000 00000000 1 [    ]
70 0 300 happy 791.474000 0.00 2000.0 00000000 00000000 1 [    ]
71 0 300 happy 793.474000 0.00 2000.0 00000000 00000000 1 [    ]
72 0 300 happy 795.474000 0.00 2000.0 00000000 00000000 1 [    ]
73 0 300 happy 797.474000 0.00 2000.0 00000000 00000000 1 [    ]
74 0 300 happy 799.474000 0.00 2000.0 00000000 00000000 1 [    ]
75 0 300 happy 801.474000 0.00 2000.0 00000000 00000000 1 [    ]
76 0 300 happy 803.474000 0.00 2000.0 00000000 00000000 1 [    ]
77 0 300 happy 805.474000 0.00 2000.0 00000000 00000000 1 [    ]
78 0 300 happy 807.474000 0.00 2000.0 00000000 00000000 1 [    ]
79 0 300 happy 809.474000 0.00 2000.0 00000000 00000000 1 [    ]
80 0 300 happy 811.474000 0.00 2000.0 00000000 00000000 1 [    ]
81 0 300 happy 813.474000 0.00 2000.0 00000000 00000000 1 [    ]
82 0 300 happy 815.474000 0.00 2000.0 00000000 00000000 1 [    ]
83 0 300 happy 817.474000 0.00 2000.0 00000000 00000000 1 [    ]
84 0 300 happy 819.474000 0.00 2000.0 00000000 00000000 1 [    ]
85 0 300 happy 821.474000 0.00 2000.0 00000000 00000000 1 [    ]
86 0 300 happy 823.474000 0.00 2000.0 00000000 00000000 1 [    ]
87 0 300 happy 825.474000 0.00 2000.0 00000000 00000000 1 [    ]
88 0 300 happy 827.474000 0.00 2000.0 00000000 00000000 1 [    ]
89 0 300 happy 829.474000 0.00 2000.0 00000000 00000000 1 [    ]
90 0 300 happy 831.474000 0.00 2000.0 00000000 00000000 1 [    ]
